0.000000000000000000e+00 1.915708812260536464e-01
0.000000000000000000e+00 3.103448275862069061e-01
7.575757575757575968e-03 4.329501915708812154e-01
2.272727272727272790e-02 5.555555555555555802e-01
6.060606060606060774e-02 6.781609195402298340e-01
1.287878787878787845e-01 7.854406130268198893e-01
2.234848484848484806e-01 8.927203065134099447e-01
3.333333333333333148e-01 9.770114942528735913e-01
4.696969696969697239e-01 1.000000000000000000e+00
6.098484848484848619e-01 9.885057471264367956e-01
7.272727272727272929e-01 9.195402298850574585e-01
8.257575757575758013e-01 8.275862068965517127e-01
9.090909090909090606e-01 7.203065134099616573e-01
9.621212121212121549e-01 6.015325670498083976e-01
9.848484848484848619e-01 4.750957854406130387e-01
9.962121212121212155e-01 3.486590038314176243e-01
1.000000000000000000e+00 2.222222222222222099e-01
9.090909090909091161e-02 6.896551724137930939e-02
1.553030303030303039e-01 0.000000000000000000e+00
2.537878787878787845e-01 0.000000000000000000e+00
3.446969696969697239e-01 1.915708812260536256e-02
4.318181818181818232e-01 6.513409961685823202e-02
5.795454545454545858e-01 7.279693486590038676e-02
6.628787878787878451e-01 3.831417624521072512e-02
7.537878787878787845e-01 3.065134099616858079e-02
8.409090909090909394e-01 4.980842911877394336e-02
8.977272727272727071e-01 1.149425287356321823e-01
5.000000000000000000e-01 1.455938697318007735e-01
5.000000000000000000e-01 2.222222222222222099e-01
5.000000000000000000e-01 2.988505747126437018e-01
4.962121212121212155e-01 3.793103448275861878e-01
3.636363636363636465e-01 4.406130268199233702e-01
4.242424242424242542e-01 4.559386973180076796e-01
4.924242424242424310e-01 4.789272030651340883e-01
5.606060606060605522e-01 4.597701149425287293e-01
6.250000000000000000e-01 4.482758620689655249e-01
1.780303030303030387e-01 1.609195402298850552e-01
2.348484848484848619e-01 1.455938697318007735e-01
2.954545454545454697e-01 1.455938697318007735e-01
3.560606060606060774e-01 1.724137931034482873e-01
2.916666666666666852e-01 1.800766283524904143e-01
2.310606060606060497e-01 1.800766283524904143e-01
6.363636363636363535e-01 1.877394636015325691e-01
6.969696969696970168e-01 1.685823754789272100e-01
7.613636363636363535e-01 1.685823754789272100e-01
8.143939393939394478e-01 1.877394636015325691e-01
7.575757575757575690e-01 1.992337164750957734e-01
6.969696969696970168e-01 1.954022988505747238e-01
2.462121212121212155e-01 5.862068965517240882e-01
3.295454545454545303e-01 5.478927203065133700e-01
4.242424242424242542e-01 5.363984674329501656e-01
4.924242424242424310e-01 5.555555555555555802e-01
5.606060606060605522e-01 5.402298850574712707e-01
6.553030303030302761e-01 5.593869731800765743e-01
7.424242424242424310e-01 5.977011494252874035e-01
6.590909090909090606e-01 7.279693486590038676e-01
5.643939393939394478e-01 7.777777777777777901e-01
4.848484848484848619e-01 7.854406130268198893e-01
4.128787878787879007e-01 7.701149425287355799e-01
3.181818181818181768e-01 7.088122605363984530e-01
2.803030303030302761e-01 6.015325670498083976e-01
4.204545454545454697e-01 6.015325670498083976e-01
4.924242424242424310e-01 6.053639846743295028e-01
5.606060606060605522e-01 6.015325670498083976e-01
7.045454545454545858e-01 6.091954022988506079e-01
5.606060606060605522e-01 6.781609195402298340e-01
4.886363636363636465e-01 6.896551724137931494e-01
4.166666666666666852e-01 6.781609195402298340e-01
