0.000000000000000000e+00 2.348993288590603967e-01
0.000000000000000000e+00 3.590604026845637398e-01
1.937984496124030981e-02 4.798657718120805105e-01
5.038759689922480550e-02 5.939597315436241365e-01
1.007751937984496110e-01 7.013422818791946733e-01
1.705426356589147263e-01 8.087248322147650992e-01
2.596899224806201723e-01 9.093959731543623803e-01
3.643410852713178105e-01 9.765100671140939381e-01
4.961240310077519311e-01 1.000000000000000000e+00
6.279069767441860517e-01 9.865771812080537106e-01
7.325581395348836899e-01 9.261744966442952975e-01
8.100775193798449569e-01 8.288590604026845332e-01
8.837209302325581550e-01 7.248322147651006242e-01
9.379844961240310086e-01 6.140939597315435705e-01
9.728682170542635177e-01 4.932885906040268553e-01
9.961240310077519311e-01 3.691275167785235123e-01
1.000000000000000000e+00 2.416107382550335692e-01
7.751937984496123923e-02 1.241610738255033569e-01
1.279069767441860517e-01 4.026845637583892357e-02
2.248062015503876077e-01 0.000000000000000000e+00
3.294573643410852459e-01 3.355704697986577108e-03
4.263565891472868019e-01 3.355704697986577195e-02
6.007751937984495694e-01 4.362416107382550284e-02
6.976744186046511809e-01 1.677852348993288598e-02
8.023255813953488191e-01 2.013422818791946178e-02
8.953488372093023617e-01 6.375838926174497157e-02
9.379844961240310086e-01 1.510067114093959773e-01
5.077519379844961378e-01 1.711409395973154390e-01
5.116279069767442067e-01 2.382550335570469691e-01
5.155038759689922756e-01 3.020134228187919545e-01
5.232558139534884134e-01 3.691275167785235123e-01
3.953488372093023062e-01 4.630872483221476488e-01
4.534883720930232287e-01 4.697986577181207934e-01
5.077519379844961378e-01 4.798657718120805105e-01
5.620155038759689914e-01 4.731543624161073658e-01
6.162790697674418450e-01 4.697986577181207934e-01
1.782945736434108641e-01 2.013422818791946178e-01
2.364341085271317866e-01 1.744966442953020114e-01
3.100775193798449569e-01 1.711409395973154390e-01
3.682170542635658794e-01 2.080536912751677903e-01
3.062015503875968880e-01 2.315436241610738244e-01
2.325581395348837177e-01 2.315436241610738244e-01
6.317829457364341206e-01 2.181208053691275073e-01
7.015503875968992498e-01 1.845637583892617561e-01
7.751937984496124479e-01 1.879194630872483285e-01
8.255813953488372325e-01 2.214765100671141074e-01
7.713178294573643790e-01 2.449664429530201415e-01
6.976744186046511809e-01 2.416107382550335692e-01
3.178294573643410947e-01 6.812080536912751283e-01
3.720930232558139483e-01 6.040268456375839090e-01
4.496124031007752153e-01 5.671140939597315578e-01
5.077519379844961378e-01 5.838926174496644750e-01
5.658914728682170603e-01 5.671140939597315578e-01
6.395348837209302584e-01 6.073825503355704258e-01
6.821705426356589053e-01 6.845637583892617561e-01
6.434108527131783273e-01 7.852348993288590373e-01
5.658914728682170603e-01 8.221476510067113885e-01
5.038759689922480689e-01 8.288590604026845332e-01
4.379844961240310086e-01 8.187919463087248717e-01
3.604651162790697416e-01 7.751677852348993758e-01
3.604651162790697416e-01 6.778523489932886115e-01
4.457364341085271464e-01 6.375838926174496324e-01
5.077519379844961378e-01 6.409395973154362602e-01
5.620155038759689914e-01 6.375838926174496324e-01
6.434108527131783273e-01 6.812080536912751283e-01
5.658914728682170603e-01 7.214765100671141074e-01
5.038759689922480689e-01 7.281879194630872520e-01
4.418604651162790775e-01 7.214765100671141074e-01
