3.289473684210526133e-03 1.863905325443787064e-01
0.000000000000000000e+00 3.047337278106508895e-01
6.578947368421052266e-03 4.289940828402367123e-01
1.973684210526315680e-02 5.502958579881657153e-01
5.263157894736841813e-02 6.745562130177514826e-01
1.052631578947368363e-01 7.928994082840237212e-01
1.809210526315789547e-01 9.023668639053253893e-01
2.796052631578947456e-01 9.763313609467455523e-01
4.144736842105263275e-01 1.000000000000000000e+00
5.526315789473684736e-01 9.822485207100591920e-01
6.776315789473684736e-01 9.230769230769231282e-01
7.861842105263158187e-01 8.284023668639053373e-01
8.684210526315789824e-01 7.189349112426035582e-01
9.309210526315789824e-01 5.946745562130177909e-01
9.671052631578946901e-01 4.704142011834319681e-01
9.868421052631578538e-01 3.372781065088757413e-01
1.000000000000000000e+00 2.041420118343195145e-01
7.236842105263158187e-02 1.094674556213017791e-01
1.217105263157894773e-01 4.437869822485206867e-02
2.105263157894736725e-01 1.479289940828402289e-02
3.092105263157894912e-01 2.366863905325443732e-02
4.013157894736842368e-01 5.917159763313609155e-02
5.460526315789473450e-01 5.621301775147929253e-02
6.414473684210526550e-01 1.479289940828402289e-02
7.434210526315789824e-01 0.000000000000000000e+00
8.421052631578946901e-01 2.071005917159763482e-02
9.111842105263158187e-01 8.579881656804733137e-02
4.703947368421052544e-01 1.449704142011834229e-01
4.605263157894736725e-01 2.041420118343195145e-01
4.539473684210526550e-01 2.633136094674556338e-01
4.440789473684210731e-01 3.254437869822485174e-01
3.289473684210526550e-01 4.053254437869822646e-01
3.815789473684210731e-01 4.171597633136094885e-01
4.375000000000000000e-01 4.260355029585798925e-01
5.000000000000000000e-01 4.201183431952662528e-01
5.592105263157894912e-01 4.171597633136094885e-01
1.611842105263157909e-01 1.863905325443787064e-01
2.171052631578947456e-01 1.568047337278106468e-01
2.796052631578947456e-01 1.508875739644970349e-01
3.388157894736842368e-01 1.745562130177514826e-01
2.796052631578947456e-01 1.863905325443787064e-01
2.171052631578947456e-01 1.893491124260354985e-01
6.085526315789473450e-01 1.775147928994082747e-01
6.710526315789473450e-01 1.479289940828402428e-01
7.368421052631578538e-01 1.479289940828402428e-01
7.927631578947368363e-01 1.745562130177514826e-01
7.368421052631578538e-01 1.863905325443787064e-01
6.710526315789473450e-01 1.863905325443787064e-01
2.467105263157894635e-01 6.153846153846154188e-01
2.927631578947368363e-01 5.591715976331360638e-01
3.782894736842105088e-01 5.355029585798816161e-01
4.243421052631579093e-01 5.473372781065088954e-01
4.638157894736842368e-01 5.443786982248520756e-01
5.493421052631578538e-01 5.769230769230768718e-01
6.250000000000000000e-01 6.331360946745562268e-01
5.427631578947368363e-01 7.573964497041419941e-01
4.473684210526315819e-01 8.106508875739645292e-01
3.980263157894736725e-01 8.136094674556213491e-01
3.486842105263157632e-01 8.047337278106508895e-01
2.730263157894736725e-01 7.396449704142011861e-01
2.697368421052631637e-01 6.213017751479289474e-01
3.717105263157894912e-01 5.739644970414201630e-01
4.210526315789473450e-01 5.828402366863905115e-01
4.605263157894736725e-01 5.857988165680473314e-01
5.921052631578946901e-01 6.390532544378698665e-01
4.506578947368420907e-01 7.455621301775148257e-01
4.078947368421052544e-01 7.485207100591716456e-01
3.585526315789473450e-01 7.396449704142011861e-01
