0.000000000000000000e+00 2.140350877192982448e-01
0.000000000000000000e+00 3.368421052631578871e-01
1.444043321299639041e-02 4.666666666666666741e-01
3.249097472924187407e-02 5.859649122807017996e-01
6.137184115523465489e-02 7.052631578947368141e-01
1.227436823104693098e-01 8.105263157894736503e-01
2.129963898916967524e-01 9.052631578947368807e-01
3.176895306859205959e-01 9.754385964912281048e-01
4.548736462093863064e-01 1.000000000000000000e+00
5.992779783393501480e-01 9.929824561403508554e-01
7.220216606498195411e-01 9.438596491228070651e-01
8.158844765342960770e-01 8.596491228070175517e-01
8.880866425992779423e-01 7.578947368421052877e-01
9.422382671480143967e-01 6.456140350877193068e-01
9.747292418772562916e-01 5.263157894736841813e-01
9.963898916967508512e-01 4.000000000000000222e-01
1.000000000000000000e+00 2.807017543859648967e-01
8.303249097472924223e-02 7.719298245614035492e-02
1.444043321299638971e-01 1.403508771929824588e-02
2.382671480144404330e-01 0.000000000000000000e+00
3.321299638989169689e-01 1.403508771929824588e-02
4.223826714801444115e-01 5.964912280701754194e-02
5.848375451263537750e-01 7.368421052631578261e-02
6.787003610108303109e-01 4.210526315789473589e-02
7.797833935018050333e-01 4.210526315789473589e-02
8.664259927797833827e-01 6.315789473684210731e-02
9.205776173285198372e-01 1.368421052631579038e-01
4.981949458483754256e-01 1.543859649122807098e-01
4.945848375451263323e-01 2.315789473684210509e-01
4.909747292418772391e-01 3.052631578947368474e-01
4.873646209386281458e-01 3.859649122807017330e-01
3.718411552346570503e-01 4.736842105263157632e-01
4.259927797833935048e-01 4.842105263157894801e-01
4.801444043321299593e-01 4.947368421052631415e-01
5.342960288808664693e-01 4.912280701754385692e-01
5.884476534296029238e-01 4.842105263157894801e-01
1.805054151624548853e-01 1.789473684210526327e-01
2.274368231046931532e-01 1.508771929824561375e-01
2.924187725631768875e-01 1.543859649122807098e-01
3.501805054151624352e-01 1.894736842105263219e-01
2.888086642599277942e-01 2.000000000000000111e-01
2.238267148014440322e-01 2.000000000000000111e-01
6.317689530685920429e-01 2.105263157894736725e-01
6.895306859205776462e-01 1.824561403508772051e-01
7.581227436823104737e-01 1.894736842105263219e-01
8.050541516245487417e-01 2.175438596491228171e-01
7.545126353790613249e-01 2.350877192982456232e-01
6.895306859205776462e-01 2.280701754385964786e-01
2.851985559566787010e-01 6.701754385964912020e-01
3.501805054151624352e-01 6.105263157894736947e-01
4.187725631768953183e-01 5.824561403508772273e-01
4.729241877256317728e-01 6.035087719298245501e-01
5.342960288808664693e-01 5.859649122807017996e-01
6.064981949458483346e-01 6.210526315789474117e-01
6.714801444043321244e-01 6.807017543859649189e-01
6.101083032490974833e-01 7.543859649122807154e-01
5.342960288808664693e-01 7.719298245614034659e-01
4.693140794223826795e-01 7.754385964912280382e-01
4.115523465703971318e-01 7.649122807017544323e-01
3.429602888086642487e-01 7.333333333333332815e-01
3.212996389891696891e-01 6.666666666666666297e-01
4.151624548736462250e-01 6.561403508771930237e-01
4.729241877256317728e-01 6.666666666666666297e-01
5.342960288808664693e-01 6.596491228070175961e-01
6.353790613718411917e-01 6.807017543859649189e-01
5.342960288808664693e-01 6.736842105263157743e-01
4.729241877256317728e-01 6.771929824561403466e-01
4.151624548736462250e-01 6.701754385964912020e-01
