6.896551724137930939e-03 2.334217506631299788e-01
0.000000000000000000e+00 3.501326259946949682e-01
1.034482758620689641e-02 4.694960212201591543e-01
4.482758620689655110e-02 5.809018567639256947e-01
9.655172413793103314e-02 6.870026525198938971e-01
1.517241379310344807e-01 8.037135278514588865e-01
2.206896551724137900e-01 9.124668435013262302e-01
3.137931034482758785e-01 9.814323607427055673e-01
4.517241379310344973e-01 1.000000000000000000e+00
5.827586206896552268e-01 9.787798408488063151e-01
6.931034482758621218e-01 9.310344827586206629e-01
7.827586206896551824e-01 8.435013262599470041e-01
8.517241379310345195e-01 7.427055702917771951e-01
9.172413793103447732e-01 6.312997347480105992e-01
9.586206896551724421e-01 5.198938992042440033e-01
9.862068965517241104e-01 3.978779840848806204e-01
1.000000000000000000e+00 2.838196286472148278e-01
7.241379310344828180e-02 1.220159151193633967e-01
1.137931034482758674e-01 4.244031830238726571e-02
2.068965517241379282e-01 0.000000000000000000e+00
3.103448275862069061e-01 2.652519893899204107e-03
4.000000000000000222e-01 3.448275862068965469e-02
5.689655172413793371e-01 4.244031830238726571e-02
6.655172413793103425e-01 1.326259946949602184e-02
7.724137931034482651e-01 1.856763925729442918e-02
8.655172413793102981e-01 6.366047745358090204e-02
9.103448275862069394e-01 1.432360742705570400e-01
4.724137931034482762e-01 1.458885941644562367e-01
4.689655172413793038e-01 1.909814323607426922e-01
4.655172413793103314e-01 2.334217506631299788e-01
4.620689655172413590e-01 2.785145888594164343e-01
3.586206896551724088e-01 3.793103448275861878e-01
4.103448275862068839e-01 3.872679045092838335e-01
4.620689655172413590e-01 3.925729442970822269e-01
5.206896551724138344e-01 3.872679045092838335e-01
5.689655172413793371e-01 3.793103448275861878e-01
1.689655172413793149e-01 1.803713527851458776e-01
2.206896551724137900e-01 1.352785145888594220e-01
2.965517241379310165e-01 1.352785145888594220e-01
3.517241379310344640e-01 1.803713527851458776e-01
2.931034482758620441e-01 1.962864721485411135e-01
2.172413793103448176e-01 1.962864721485411135e-01
5.999999999999999778e-01 1.883289124668434955e-01
6.689655172413793149e-01 1.485411140583554335e-01
7.448275862068965969e-01 1.538461538461538547e-01
7.965517241379310720e-01 1.989389920424403102e-01
7.413793103448276245e-01 2.095490716180371249e-01
6.655172413793103425e-01 2.068965517241379282e-01
2.896551724137931272e-01 6.472148541114058906e-01
3.103448275862069061e-01 5.331564986737400424e-01
4.068965517241379115e-01 4.907161803713527837e-01
4.620689655172413590e-01 4.986737400530503739e-01
5.241379310344828069e-01 4.907161803713527837e-01
6.275862068965517571e-01 5.331564986737400424e-01
6.551724137931034253e-01 6.525198938992042841e-01
6.310344827586207295e-01 8.143236074270556735e-01
5.344827586206896131e-01 8.885941644562334041e-01
4.620689655172413590e-01 8.965517241379310498e-01
3.931034482758620774e-01 8.885941644562334041e-01
3.068965517241379337e-01 8.116710875331565322e-01
3.137931034482758785e-01 6.472148541114058906e-01
4.068965517241379115e-01 5.331564986737400424e-01
4.620689655172413590e-01 5.331564986737400424e-01
5.206896551724138344e-01 5.331564986737400424e-01
6.310344827586207295e-01 6.525198938992042841e-01
5.275862068965517793e-01 8.302387267904509649e-01
4.655172413793103314e-01 8.355437665782493584e-01
4.000000000000000222e-01 8.275862068965517127e-01
